SUBSCRIPTION_ID;TRANSACTION_ID;PACKAGE_ID;AMOUNT;TIME_STAMP
10373617595;69837935802;p-svmobi-worldforher-c-01;5.00;28/07/2026 06:32:05;RENEWAL
15271826185;69837945586;p-svmobi-fitnesstips-c-01;5.00;28/07/2026 06:32:30;RENEWAL
19495024310;69838293351;p-svmobi-gamebar-c-01;7.00;28/07/2026 06:45:52;RENEWAL
12185592053;69845848496;p-svmobi-worldforher-c-01;5.00;28/07/2026 14:37:25;RENEWAL
14968976444;69838107434;p-svmobi-fitnesstips-c-01;5.00;28/07/2026 06:38:50;RENEWAL
14354847350;69838065763;p-svmobi-fitnesstips-c-01;5.00;28/07/2026 06:37:08;RENEWAL
19419856031;69838119284;p-svmobi-gamebar-c-01;7.00;28/07/2026 06:39:18;RENEWAL
19421855272;69838175484;p-svmobi-gamebar-c-01;7.00;28/07/2026 06:41:29;RENEWAL
14476728626;69838507509;p-svmobi-worldforher-c-01;5.00;28/07/2026 06:54:01;RENEWAL
14318036774;69838081766;p-svmobi-fitnesstips-c-01;5.00;28/07/2026 06:37:47;RENEWAL
15290231701;69838062201;p-svmobi-fitnesstips-c-01;5.00;28/07/2026 06:37:00;RENEWAL
14659367025;69838068980;p-svmobi-worldforher-c-01;5.00;28/07/2026 06:37:16;RENEWAL
19421446987;69851464969;p-svmobi-gamebar-c-01;7.00;28/07/2026 21:05:41;RENEWAL
19139435319;69838046166;p-svmobi-gamebar-c-01;5.00;28/07/2026 06:36:20;RENEWAL
14272149876;69838062062;p-svmobi-worldforher-c-01;5.00;28/07/2026 06:36:59;RENEWAL
19139354956;69837967194;p-svmobi-beautytips-c-01;2.00;28/07/2026 06:33:19;RENEWAL
19584780847;69838682655;p-svmobi-gamebar-c-01;4.19;28/07/2026 07:00:59;RENEWAL
19421951268;69839950187;p-svmobi-gamebar-c-01;1.00;28/07/2026 08:40:52;RENEWAL
14319805796;69838095756;p-svmobi-gamebar-c-01;5.00;28/07/2026 06:38:22;RENEWAL
19637204061;69846061610;p-svmobi-gamebar-c-01;7.00;28/07/2026 14:47:50;RENEWAL
14490391254;69838509174;p-svmobi-worldforher-c-01;5.00;28/07/2026 06:54:05;RENEWAL
5469458773;69839893097;p-svmobi-beautytips-c-01;2.00;28/07/2026 08:31:07;RENEWAL
19421561377;69838187763;p-svmobi-gamebar-c-01;7.00;28/07/2026 06:41:58;RENEWAL
19415768531;69838121594;p-svmobi-gamebar-c-01;7.00;28/07/2026 06:39:24;RENEWAL
13769810332;69838048758;p-svmobi-worldforher-c-01;5.00;28/07/2026 06:36:26;RENEWAL
